146 2 119 2
147 2 120 2
204 2 177 2
146 3 119 3
147 3 120 3
240 3 213 3
244 3 217 3
161 4 134 4
151 5 124 5
156 6 129 6
160 6 133 6
243 6 216 6
157 7 130 7
161 7 134 7
183 7 156 7
62 8 35 8
157 8 130 8
158 8 131 8
174 8 147 8
175 8 148 8
227 8 200 8
538 8 510 8
44 9 17 9
62 9 35 9
157 9 130 9
158 9 131 9
159 9 132 9
162 9 135 9
174 9 147 9
175 9 148 9
183 9 156 9
485 9 457 9
542 9 513 9
62 10 35 10
63 10 36 10
161 10 134 10
175 10 148 10
226 10 199 10
268 10 221 10
412 10 384 10
484 10 456 10
485 10 457 10
488 10 460 10
571 10 543 10
62 11 35 11
63 11 36 11
64 11 37 11
144 11 117 11
161 11 134 11
267 11 220 11
412 11 384 11
423 11 395 11
426 11 398 11
482 11 454 11
489 11 461 11
64 12 37 12
65 12 38 12
144 12 117 12
145 12 118 12
150 12 123 12
161 12 134 12
162 12 135 12
425 12 397 12
426 12 398 12
482 12 454 12
65 13 38 13
144 13 117 13
145 13 118 13
150 13 123 13
158 13 131 13
161 13 134 13
162 13 135 13
425 13 397 13
426 13 398 13
485 13 457 13
489 13 461 13
63 15 36 15
584 15 555 15
63 16 36 16
67 16 40 16
148 16 121 16
186 16 159 16
67 17 40 17
68 17 41 17
148 17 121 17
173 17 146 17
191 17 164 17
67 18 40 18
68 18 41 18
148 18 121 18
153 18 126 18
173 18 146 18
69 19 42 19
147 19 120 19
148 19 121 19
173 19 146 19
147 20 120 20
173 20 146 20
152 21 125 21
153 21 126 21
154 21 127 21
143 22 116 22
144 22 117 22
152 22 125 22
153 22 126 22
154 22 127 22
143 23 116 23
153 23 126 23
138 25 111 25
139 25 112 25
113 26 86 26
114 26 87 26
133 26 106 26
138 26 111 26
139 26 112 26
407 26 379 26
414 26 386 26
522 26 494 26
113 27 86 27
114 27 87 27
138 27 111 27
139 27 112 27
145 27 118 27
412 27 384 27
524 27 496 27
146 28 119 28
147 28 120 28
516 28 488 28
522 28 494 28
148 29 121 29
87 30 60 30
251 30 204 30
487 30 459 30
128 31 101 31
251 31 204 31
252 31 205 31
253 31 206 31
485 31 457 31
489 31 461 31
55 32 28 32
97 32 70 32
127 32 100 32
250 32 203 32
251 32 204 32
252 32 205 32
253 32 206 32
422 32 394 32
55 33 28 33
97 33 70 33
98 33 71 33
250 33 203 33
251 33 204 33
252 33 205 33
253 33 206 33
422 33 394 33
94 34 67 34
97 34 70 34
98 34 71 34
250 34 203 34
251 34 204 34
252 34 205 34
253 34 206 34
423 34 395 34
39 35 12 35
249 35 202 35
250 35 203 35
251 35 204 35
252 35 205 35
422 35 394 35
423 35 395 35
529 35 501 35
249 36 202 36
250 36 203 36
251 36 204 36
252 36 205 36
528 36 500 36
533 36 505 36
249 37 202 37
250 37 203 37
251 37 204 37
252 37 205 37
126 38 99 38
127 38 100 38
132 38 105 38
148 38 121 38
149 38 122 38
249 38 202 38
250 38 203 38
251 38 204 38
252 38 205 38
126 39 99 39
132 39 105 39
133 39 106 39
148 39 121 39
249 39 202 39
250 39 203 39
251 39 204 39
126 40 99 40
128 40 101 40
132 40 105 40
133 40 106 40
248 40 201 40
249 40 202 40
250 40 203 40
251 40 204 40
127 41 100 41
132 41 105 41
133 41 106 41
150 41 123 41
248 41 201 41
249 41 202 41
250 41 203 41
251 41 204 41
248 42 201 42
249 42 202 42
250 42 203 42
407 42 379 42
507 42 479 42
248 43 201 43
249 43 202 43
250 43 203 43
407 43 379 43
528 43 500 43
408 44 380 44
527 44 499 44
408 45 380 45
409 45 381 45
616 45 587 45
441 46 413 46
418 47 390 47
445 47 417 47
483 47 455 47
530 47 502 47
218 48 169 48
530 48 502 48
218 49 169 49
153 50 172 50
218 50 169 50
153 51 172 51
218 51 169 51
445 51 417 51
617 55 588 55
150 56 123 56
151 56 124 56
419 58 391 58
145 59 118 59
424 59 396 59
145 60 118 60
467 61 439 61
219 63 170 63
95 64 68 64
96 64 69 64
216 64 167 64
219 64 170 64
95 65 68 65
96 65 69 65
97 65 70 65
216 65 167 65
497 65 469 65
95 66 68 66
96 66 69 66
479 66 451 66
481 66 453 66
496 66 468 66
95 67 68 67
437 67 409 67
479 67 451 67
480 67 452 67
481 67 453 67
501 67 472 67
436 68 408 68
479 68 451 68
481 68 453 68
485 68 457 68
436 69 408 69
481 69 453 69
436 70 408 70
97 71 70 71
437 71 409 71
444 71 416 71
99 73 72 73
185 73 135 73
423 73 395 73
99 74 72 74
423 74 395 74
421 75 393 75
426 75 398 75
422 76 394 76
423 76 395 76
426 76 398 76
433 76 405 76
433 77 405 77
436 77 408 77
423 79 395 79
426 80 398 80
422 81 394 81
426 81 398 81
443 81 415 81
421 82 393 82
422 82 394 82
423 82 395 82
426 82 398 82
427 82 399 82
137 83 110 83
421 83 393 83
422 83 394 83
426 83 398 83
427 83 399 83
421 84 393 84
422 84 394 84
426 84 398 84
477 87 449 87
336 88 284 88
337 88 285 88
421 88 393 88
422 88 394 88
425 88 397 88
426 88 398 88
298 89 245 89
336 89 284 89
337 89 285 89
352 89 300 89
73 90 46 90
74 90 47 90
78 90 51 90
221 90 172 90
222 90 173 90
223 90 174 90
295 90 242 90
313 90 260 90
337 90 285 90
421 90 393 90
422 90 394 90
222 91 173 91
223 91 174 91
224 91 175 91
294 91 241 91
351 91 299 91
73 92 46 92
74 92 47 92
222 92 173 92
223 92 174 92
224 92 175 92
436 92 408 92
222 93 173 93
223 93 174 93
224 93 175 93
295 93 242 93
296 93 243 93
421 93 393 93
422 93 394 93
223 94 174 94
224 94 175 94
225 94 176 94
245 94 198 94
421 94 393 94
422 94 394 94
223 95 174 95
224 95 175 95
225 95 176 95
244 95 197 95
245 95 198 95
246 95 199 95
421 95 393 95
422 95 394 95
223 96 174 96
224 96 175 96
225 96 176 96
226 96 177 96
244 96 197 96
245 96 198 96
246 96 199 96
224 97 175 97
225 97 176 97
226 97 177 97
245 97 198 97
246 97 199 97
224 98 175 98
225 98 176 98
226 98 177 98
227 98 178 98
245 98 198 98
246 98 199 98
247 98 200 98
225 99 176 99
226 99 177 99
227 99 178 99
245 99 198 99
246 99 199 99
247 99 200 99
225 100 176 100
226 100 177 100
246 100 199 100
247 100 200 100
606 100 577 100
226 101 177 101
247 101 200 101
226 102 177 102
226 103 177 103
249 103 202 103
580 103 551 103
249 104 202 104
570 104 541 104
585 104 556 104
485 106 457 106
481 108 453 108
485 108 457 108
485 109 457 109
572 109 543 109
508 110 479 110
569 111 540 111
570 111 541 111
571 111 542 111
568 112 539 112
569 112 540 112
570 112 541 112
594 112 565 112
51 113 24 113
568 113 539 113
569 113 540 113
570 113 541 113
594 113 565 113
149 114 122 114
374 114 325 114
567 114 538 114
568 114 539 114
582 114 553 114
149 115 122 115
96 116 69 116
150 116 123 116
92 117 65 117
92 118 65 118
373 118 324 118
373 119 324 119
562 120 533 120
561 121 532 121
558 123 529 123
559 123 530 123
560 123 531 123
558 124 529 124
560 125 531 125
130 126 103 126
484 126 455 126
478 128 450 128
477 130 449 130
613 131 584 131
559 132 530 132
595 132 566 132
614 132 585 132
558 133 529 133
564 133 535 133
595 133 566 133
596 133 567 133
599 133 570 133
615 133 586 133
563 134 534 134
564 134 535 134
565 134 536 134
582 134 553 134
595 134 566 134
596 134 567 134
616 134 587 134
561 135 532 135
562 135 533 135
563 135 534 135
564 135 535 135
585 135 556 135
595 135 566 135
596 135 567 135
617 135 588 135
561 136 532 136
562 136 533 136
563 136 534 136
585 136 556 136
592 136 563 136
595 136 566 136
596 136 567 136
561 137 532 137
562 137 533 137
563 137 534 137
585 137 556 137
596 137 567 137
600 137 571 137
585 138 556 138
596 138 567 138
597 138 568 138
605 138 576 138
606 138 577 138
607 138 578 138
557 139 528 139
558 139 529 139
573 139 544 139
584 139 555 139
605 139 576 139
606 139 577 139
607 139 578 139
613 139 584 139
556 140 527 140
557 140 528 140
558 140 529 140
573 140 544 140
585 140 556 140
587 140 558 140
608 140 579 140
550 141 521 141
556 141 527 141
557 141 528 141
584 141 555 141
556 142 527 142
557 142 528 142
584 142 555 142
591 142 562 142
556 143 527 143
557 143 528 143
589 143 560 143
581 144 552 144
592 144 563 144
573 145 544 145
581 145 552 145
585 145 556 145
601 145 572 145
567 146 538 146
573 146 544 146
581 146 552 146
600 146 571 146
604 146 575 146
475 147 447 147
581 147 552 147
601 147 572 147
605 147 576 147
38 148 11 148
42 148 15 148
560 148 531 148
601 148 572 148
602 148 573 148
38 149 11 149
39 149 12 149
41 149 14 149
42 149 15 149
43 149 16 149
560 149 531 149
581 149 552 149
38 150 11 150
42 150 15 150
581 150 552 150
585 151 556 151
584 152 555 152
591 152 562 152
592 152 563 152
594 152 565 152
584 153 555 153
592 153 563 153
364 154 317 154
559 154 530 154
589 154 560 154
364 155 317 155
584 155 555 155
591 155 562 155
605 155 576 155
364 156 317 156
591 156 562 156
592 156 563 156
593 156 564 156
364 157 317 157
364 158 317 158
364 159 317 159
559 159 530 159
364 160 317 160
364 161 317 161
558 161 529 161
583 161 554 161
587 161 558 161
364 162 317 162
558 162 529 162
587 162 558 162
364 163 317 163
584 163 555 163
585 163 556 163
588 163 559 163
364 164 317 164
586 164 557 164
590 164 561 164
114 166 87 166
483 167 454 167
483 168 454 168
579 168 550 168
582 168 553 168
579 169 550 169
580 169 551 169
583 169 554 169
551 170 522 170
581 170 552 170
579 172 550 172
580 172 551 172
582 172 553 172
107 175 80 175
555 177 526 177
610 177 581 177
107 178 80 178
554 178 525 178
610 178 581 178
611 178 582 178
52 179 25 179
554 179 525 179
610 179 581 179
51 180 24 180
52 180 25 180
51 181 24 181
52 181 25 181
472 182 444 182
471 183 443 183
209 184 181 184
471 184 442 184
549 184 520 184
208 185 180 185
38 186 11 186
155 186 128 186
543 186 514 186
39 187 12 187
161 187 133 187
542 187 513 187
155 188 128 188
463 189 434 189
539 190 510 190
590 190 561 190
459 191 430 191
539 191 510 191
73 192 46 192
458 192 429 192
538 192 509 192
32 193 5 193
33 193 6 193
538 193 509 193
225 194 197 194
537 194 508 194
536 195 507 195
535 196 506 196
535 197 506 197
71 199 43 199
392 199 364 199
533 199 504 199
71 200 44 200
75 200 48 200
71 201 44 201
75 201 48 201
76 201 49 201
530 201 501 201
72 202 45 202
76 202 49 202
424 202 396 202
529 202 500 202
72 203 45 203
169 203 141 203
173 203 145 203
528 203 499 203
172 204 144 204
527 204 498 204
221 205 193 205
222 205 194 205
223 205 195 205
224 205 196 205
228 205 200 205
526 205 497 205
527 205 498 205
525 206 496 206
526 206 497 206
524 207 495 207
525 207 496 207
525 208 496 208
64 209 37 209
65 209 38 209
525 209 496 209
526 209 497 209
64 210 37 210
65 210 38 210
482 210 453 210
65 211 38 211
482 211 453 211
527 211 498 211
407 212 378 212
527 212 498 212
407 213 379 213
581 213 552 213
588 213 558 213
526 214 497 214
525 215 496 215
525 216 496 216
222 217 194 217
226 217 198 217
227 217 199 217
228 217 200 217
224 218 196 218
228 218 200 218
525 218 496 218
212 219 184 219
228 219 200 219
525 219 496 219
582 219 553 219
207 220 179 220
212 220 184 220
225 220 197 220
226 220 198 220
227 220 199 220
228 220 200 220
581 220 552 220
582 220 553 220
31 221 4 221
35 221 8 221
581 221 552 221
582 221 553 221
31 222 4 222
35 222 8 222
582 222 553 222
581 223 552 223
582 223 553 223
516 224 487 224
582 224 553 224
138 225 110 225
514 225 485 225
582 225 553 225
513 226 484 226
397 227 369 227
512 227 483 227
513 227 484 227
512 228 483 228
581 228 552 228
416 229 387 229
512 229 483 229
513 229 484 229
513 230 484 230
221 231 193 231
225 231 197 231
226 231 198 231
227 231 199 231
513 231 484 231
514 231 485 231
227 232 199 232
514 232 485 232
578 232 549 232
227 233 199 233
514 233 485 233
217 234 189 234
218 234 190 234
219 234 191 234
225 234 197 234
226 234 198 234
227 234 199 234
397 234 369 234
514 234 485 234
218 235 190 235
219 235 191 235
396 235 368 235
514 235 485 235
396 236 368 236
514 236 485 236
236 237 208 237
514 237 485 237
613 239 583 239
613 243 583 243
510 244 481 244
500 245 471 245
501 245 472 245
509 245 480 245
220 246 192 246
221 246 193 246
398 246 370 246
501 246 472 246
502 246 473 246
507 246 478 246
219 247 191 247
227 247 199 247
507 247 478 247
227 248 199 248
509 248 480 248
170 249 142 249
174 249 146 249
509 249 480 249
174 250 146 250
508 250 479 250
176 252 148 252
530 252 501 252
172 253 144 253
176 253 148 253
172 254 144 254
389 254 360 254
503 254 474 254
50 255 23 255
172 255 144 255
502 255 473 255
50 256 23 256
54 256 27 256
374 256 345 256
393 256 364 256
498 256 469 256
501 256 472 256
55 257 28 257
388 257 359 257
403 257 374 257
498 257 469 257
501 257 472 257
141 258 113 258
607 258 577 258
173 259 145 259
392 259 363 259
497 259 468 259
498 259 469 259
503 259 474 259
222 260 194 260
226 260 198 260
503 260 474 260
503 261 474 261
408 264 379 264
411 264 382 264
497 264 468 264
501 264 472 264
505 264 476 264
582 264 552 264
164 265 136 265
449 265 420 265
583 265 553 265
453 266 424 266
515 268 486 268
490 269 461 269
515 269 486 269
490 270 461 270
489 271 460 271
489 272 460 272
613 273 583 273
605 274 575 274
613 274 583 274
35 275 8 275
39 276 12 276
487 276 458 276
488 277 459 277
542 277 512 277
141 279 113 279
142 279 114 279
145 279 117 279
146 279 118 279
141 280 113 280
142 280 114 280
145 280 117 280
146 280 118 280
150 281 122 281
85 282 57 282
149 282 121 282
489 282 460 282
84 283 56 283
151 283 123 283
133 284 105 284
151 284 123 284
152 284 124 284
160 284 132 284
394 284 328 284
395 284 329 284
133 285 105 285
134 285 106 285
159 285 131 285
133 286 105 286
145 286 117 286
155 286 127 286
156 286 128 286
157 286 129 286
158 286 130 286
488 286 459 286
607 286 577 286
611 286 581 286
612 286 582 286
132 287 104 287
136 287 108 287
137 287 109 287
154 287 126 287
155 287 127 287
156 287 128 287
157 287 129 287
608 287 578 287
610 287 580 287
611 287 581 287
612 287 582 287
135 288 107 288
136 288 108 288
137 288 109 288
154 288 126 288
155 288 127 288
156 288 128 288
484 288 455 288
610 288 580 288
135 289 107 289
136 289 108 289
137 289 109 289
154 289 126 289
155 289 127 289
156 289 128 289
483 289 454 289
133 290 105 290
134 290 106 290
135 290 107 290
136 290 108 290
135 291 107 291
579 291 549 291
130 292 102 292
604 292 574 292
126 293 98 293
130 293 102 293
604 293 574 293
129 294 101 294
604 294 574 294
128 295 100 295
440 295 411 295
604 295 574 295
127 296 99 296
441 296 412 296
127 297 99 297
441 297 412 297
453 297 424 297
462 297 433 297
126 298 98 298
127 298 99 298
455 298 426 298
456 298 427 298
460 298 431 298
456 299 427 299
460 299 431 299
472 299 443 299
460 300 431 300
539 300 510 300
539 301 509 301
122 302 94 302
461 302 432 302
577 302 547 302
581 302 551 302
582 302 552 302
121 303 93 303
460 303 431 303
576 303 546 303
584 303 554 303
576 304 546 304
584 304 554 304
436 305 407 305
440 305 411 305
581 305 551 305
582 305 552 305
583 305 553 305
584 305 554 305
86 306 58 306
119 306 91 306
123 306 95 306
124 306 96 306
446 306 417 306
447 306 418 306
582 306 552 306
89 307 61 307
90 307 62 307
91 307 63 307
123 307 95 307
446 307 417 307
447 307 418 307
452 307 423 307
537 307 507 307
90 308 62 308
91 308 63 308
92 308 64 308
447 308 418 308
91 309 63 309
92 309 64 309
93 309 65 309
119 309 91 309
538 310 508 310
606 310 576 310
607 310 577 310
101 311 73 311
102 311 74 311
114 311 86 311
115 311 87 311
604 311 574 311
605 311 575 311
606 311 576 311
607 311 577 311
610 311 580 311
101 312 73 312
102 312 74 312
103 312 75 312
104 312 76 312
114 312 86 312
115 312 87 312
561 312 531 312
604 312 574 312
73 313 45 313
103 313 75 313
104 313 76 313
105 313 77 313
561 313 531 313
604 313 574 313
607 313 577 313
561 314 531 314
607 314 577 314
561 315 531 315
582 316 552 316
583 316 553 316
421 317 392 317
422 317 393 317
426 317 397 317
427 317 398 317
426 318 397 318
427 318 398 318
428 318 399 318
427 319 398 319
428 319 399 319
422 320 393 320
428 320 399 320
581 320 551 320
65 321 37 321
428 321 399 321
429 322 400 322
467 322 438 322
531 322 501 322
52 323 24 323
468 323 439 323
50 326 22 326
530 326 500 326
608 326 578 326
65 327 37 327
164 327 102 327
530 327 500 327
608 327 578 327
65 328 37 328
166 329 104 329
423 329 394 329
44 330 17 330
65 330 37 330
564 330 534 330
568 330 538 330
581 330 551 330
65 331 37 331
564 331 534 331
569 331 539 331
579 331 549 331
564 332 534 332
579 332 549 332
583 332 553 332
581 333 551 333
582 333 552 333
583 333 553 333
41 334 13 334
242 334 197 334
579 334 549 334
582 334 552 334
583 334 553 334
41 335 13 335
579 335 549 335
583 335 553 335
41 336 13 336
582 336 552 336
40 337 12 337
526 337 496 337
581 337 551 337
40 338 12 338
40 339 12 339
604 340 574 340
605 340 575 340
604 341 574 341
40 342 12 342
604 342 574 342
40 343 12 343
604 343 574 343
605 343 575 343
606 343 576 343
40 344 12 344
605 344 575 344
606 344 576 344
40 345 12 345
40 346 12 346
521 346 491 346
40 347 12 347
578 347 548 347
580 347 550 347
607 347 577 347
521 348 491 348
579 348 549 348
583 348 553 348
520 349 490 349
579 349 549 349
583 349 553 349
578 350 548 350
581 350 551 350
582 350 552 350
583 350 553 350
521 351 491 351
578 351 548 351
582 351 552 351
579 352 549 352
57 353 29 353
65 353 37 353
55 354 27 354
55 355 27 355
59 355 31 355
58 356 31 356
604 356 574 356
608 356 578 356
604 357 574 357
523 361 493 361
544 361 514 361
547 361 517 361
523 362 493 362
543 362 513 362
544 362 514 362
547 362 517 362
543 363 513 363
544 363 514 363
528 365 498 365
575 365 545 365
575 366 545 366
526 371 496 371
527 371 497 371
608 371 578 371
526 372 496 372
530 372 500 372
47 373 19 373
526 373 496 373
530 373 500 373
42 374 14 374
47 374 19 374
526 374 496 374
527 374 497 374
47 375 19 375
526 375 496 375
569 375 539 375
569 376 539 376
55 378 27 378
56 378 28 378
57 378 29 378
58 378 30 378
60 378 32 378
61 378 33 378
62 378 34 378
54 379 26 379
55 379 27 379
62 379 34 379
63 379 35 379
579 379 549 379
583 379 553 379
54 380 26 380
58 380 30 380
60 380 32 380
64 380 36 380
54 381 26 381
58 381 30 381
60 381 32 381
64 381 36 381
54 382 26 382
58 382 30 382
60 382 32 382
63 382 35 382
64 382 36 382
54 383 26 383
55 383 27 383
56 383 28 383
57 383 29 383
61 383 33 383
62 383 34 383
63 383 35 383
532 383 502 383
56 384 28 384
57 384 29 384
62 384 34 384
531 384 501 384
532 391 502 391
584 391 553 391
57 403 29 403
61 403 33 403
63 403 35 403
53 404 25 404
59 404 31 404
60 404 32 404
61 404 33 404
62 404 34 404
53 405 25 405
58 405 30 405
59 405 31 405
60 405 32 405
56 406 28 406
57 406 29 406
60 406 32 406
61 406 33 406
62 406 34 406
55 407 27 407
56 407 28 407
57 407 29 407
60 407 32 407
61 407 33 407
62 407 34 407
63 407 35 407
53 408 25 408
57 408 29 408
60 408 32 408
53 409 25 409
59 409 31 409
60 409 32 409
61 409 33 409
611 409 580 409
612 409 581 409
613 409 582 409
611 410 580 410
607 411 576 411
611 411 580 411
546 421 515 421
545 422 514 422
551 423 521 423
31 425 3 425
31 426 3 426
556 428 525 428
556 429 525 429
53 431 25 431
57 431 29 431
612 433 581 433
54 434 26 434
58 435 30 435
503 435 451 435
598 435 567 435
598 436 567 436
613 437 582 437
613 438 582 438
613 439 582 439
613 440 582 440
613 441 582 441
540 442 509 442
613 442 582 442
541 443 510 443
613 443 582 443
613 444 582 444
33 445 5 445
613 445 582 445
613 446 582 446
611 447 580 447
613 447 582 447
610 448 579 448
615 451 584 451
513 453 482 453
512 454 481 454
599 454 567 454
509 455 478 455
514 455 483 455
513 456 482 456
565 458 534 458
61 460 32 460
529 460 498 460
62 461 33 461
53 462 24 462
62 462 33 462
522 462 491 462
523 463 492 463
527 463 496 463
518 464 487 464
532 464 501 464
533 464 502 464
534 465 503 465
535 465 504 465
529 466 498 466
532 466 501 466
536 466 505 466
526 467 495 467
527 467 496 467
530 467 499 467
534 467 503 467
527 468 496 468
528 468 497 468
530 469 499 469
540 469 509 469
541 469 510 469
544 469 513 469
533 470 502 470
538 470 507 470
542 470 511 470
548 471 517 471
554 471 523 471
550 472 519 472
554 472 523 472
555 472 524 472
541 473 510 473
542 473 511 473
545 473 514 473
546 473 515 473
549 473 518 473
542 474 511 474
543 474 512 474
546 474 515 474
547 474 516 474
550 474 519 474
543 475 512 475
544 475 513 475
547 475 516 475
551 475 520 475
552 475 521 475
553 475 522 475
570 475 539 475
574 475 543 475
612 475 580 475
543 476 512 476
551 476 520 476
552 476 521 476
553 476 522 476
552 477 521 477
569 477 538 477
539 478 508 478
570 478 539 478
535 480 504 480
539 480 508 480
555 480 524 480
608 480 577 480
535 481 504 481
539 481 508 481
535 482 504 482
539 482 508 482
535 483 504 483
539 483 508 483
535 484 504 484
539 484 508 484
45 485 16 485
49 485 20 485
52 485 23 485
53 485 24 485
54 485 25 485
55 485 26 485
59 485 30 485
60 485 31 485
61 485 32 485
45 486 16 486
46 486 17 486
49 486 20 486
53 486 24 486
54 486 25 486
59 486 30 486
60 486 31 486
62 486 33 486
45 487 16 487
46 487 17 487
49 487 20 487
62 487 33 487
519 487 488 487
548 487 517 487
44 488 15 488
45 488 16 488
46 488 17 488
52 488 23 488
62 488 33 488
519 488 488 488
52 489 23 489
62 489 33 489
581 489 549 489
581 490 549 490
586 510 554 510
593 510 561 510
51 511 22 511
586 511 554 511
51 512 22 512
58 512 29 512
59 512 30 512
586 512 554 512
550 513 518 513
550 514 518 514
550 515 518 515
559 516 527 516
559 519 527 519
559 520 527 520
559 521 527 521
549 522 517 522
