345 2 287 2
346 2 288 2
349 2 291 2
344 3 286 3
345 3 287 3
346 3 288 3
344 4 286 4
345 4 287 4
350 4 291 4
344 5 286 5
345 5 287 5
344 6 286 6
345 6 287 6
350 6 291 6
350 7 291 7
343 8 285 8
350 8 291 8
343 9 285 9
349 10 290 10
348 11 289 11
349 11 290 11
345 12 286 12
348 12 289 12
349 12 290 12
344 13 285 13
347 13 288 13
348 13 289 13
349 13 290 13
342 14 283 14
343 14 284 14
344 14 285 14
348 14 289 14
349 14 290 14
342 15 283 15
343 15 284 15
344 15 285 15
342 16 283 16
343 16 284 16
344 16 285 16
345 16 286 16
342 17 283 17
343 17 284 17
344 17 285 17
342 18 283 18
343 18 284 18
344 18 285 18
342 19 283 19
343 19 284 19
342 20 283 20
343 20 284 20
342 21 283 21
343 21 284 21
342 22 283 22
343 22 284 22
342 23 283 23
343 23 284 23
342 24 283 24
342 25 283 25
151 40 95 40
304 46 246 46
305 46 247 46
308 46 250 46
303 47 245 47
304 47 246 47
307 47 249 47
308 47 250 47
380 49 321 49
381 49 322 49
384 49 325 49
385 49 326 49
386 49 327 49
380 50 321 50
381 50 322 50
382 50 323 50
384 50 325 50
385 50 326 50
386 50 327 50
380 51 321 51
381 51 322 51
382 51 323 51
384 51 325 51
385 51 326 51
386 51 327 51
480 154 407 154
478 157 406 157
493 159 420 159
360 168 286 168
361 168 287 168
362 168 288 168
367 168 293 168
360 169 286 169
361 169 287 169
362 169 288 169
367 169 293 169
359 170 285 170
360 170 286 170
361 170 287 170
362 170 288 170
360 171 286 171
361 171 287 171
365 171 291 171
372 172 298 172
483 173 410 173
487 173 414 173
483 174 410 174
487 174 414 174
483 175 410 175
487 175 414 175
482 176 409 176
483 176 410 176
487 176 414 176
481 177 408 177
482 177 409 177
486 177 413 177
481 178 408 178
411 179 337 179
485 179 412 179
404 180 330 180
411 180 337 180
485 180 412 180
411 181 337 181
484 181 411 181
403 182 329 182
484 182 411 182
403 183 329 183
483 183 410 183
403 184 329 184
477 184 404 184
477 185 404 185
477 186 404 186
477 187 404 187
477 188 404 188
477 189 404 189
477 190 404 190
477 191 404 191
477 192 404 192
477 193 404 193
478 193 405 193
449 194 376 194
450 194 377 194
451 194 378 194
455 194 382 194
456 194 383 194
477 194 404 194
478 194 405 194
449 195 376 195
450 195 377 195
455 195 382 195
456 195 383 195
477 195 404 195
478 195 405 195
456 196 383 196
457 196 384 196
477 196 404 196
478 196 405 196
455 197 382 197
456 197 383 197
457 197 384 197
477 197 404 197
478 197 405 197
455 198 382 198
456 198 383 198
477 198 404 198
478 198 405 198
477 199 404 199
477 200 404 200
482 200 409 200
477 201 404 201
482 201 409 201
477 202 404 202
482 202 409 202
477 203 404 203
482 203 409 203
477 204 404 204
477 205 404 205
477 206 404 206
477 207 404 207
477 208 404 208
477 209 404 209
477 210 404 210
477 211 404 211
477 212 404 212
477 213 404 213
477 214 404 214
477 215 404 215
477 216 404 216
477 217 404 217
477 218 404 218
477 219 404 219
477 220 404 220
477 221 404 221
477 222 404 222
481 222 408 222
477 223 404 223
481 223 408 223
477 224 404 224
481 225 408 225
481 226 408 226
479 227 406 227
471 236 400 236
471 237 400 237
471 238 400 238
471 239 400 239
471 240 400 240
469 241 398 241
471 241 400 241
471 242 400 242
471 243 400 243
471 244 400 244
471 245 400 245
471 246 400 246
471 247 400 247
471 248 400 248
471 252 400 252
471 253 400 253
471 256 400 256
471 258 400 258
471 259 400 259
471 260 400 260
471 262 400 262
471 263 400 263
471 264 400 264
110 269 35 269
109 270 34 270
110 270 35 270
110 272 35 272
81 273 6 273
82 273 7 273
83 273 8 273
87 273 12 273
88 273 13 273
104 273 29 273
110 273 35 273
81 274 6 274
82 274 7 274
83 274 8 274
86 274 11 274
87 274 12 274
88 274 13 274
91 274 16 274
105 274 30 274
110 274 35 274
471 274 400 274
81 275 6 275
82 275 7 275
83 275 8 275
86 275 11 275
87 275 12 275
88 275 13 275
91 275 16 275
105 275 30 275
110 275 35 275
78 276 3 276
79 276 4 276
86 276 11 276
87 276 12 276
88 276 13 276
470 276 399 276
78 277 3 277
79 277 4 277
86 277 11 277
87 277 12 277
91 277 16 277
110 277 35 277
469 277 398 277
80 278 5 278
81 278 6 278
82 278 7 278
83 278 8 278
86 278 11 278
87 278 12 278
91 278 16 278
80 279 5 279
81 279 6 279
82 279 7 279
83 279 8 279
86 279 11 279
87 279 12 279
80 280 5 280
82 280 7 280
86 280 11 280
87 280 12 280
91 280 16 280
78 281 3 281
79 281 4 281
86 281 11 281
87 281 12 281
88 281 13 281
91 281 16 281
78 282 3 282
79 282 4 282
87 282 12 282
88 282 13 282
91 282 16 282
102 282 27 282
109 282 34 282
81 283 6 283
89 283 14 283
102 283 27 283
109 283 34 283
110 283 35 283
81 284 6 284
82 284 7 284
83 284 8 284
88 284 13 284
89 284 14 284
90 284 15 284
109 284 34 284
469 284 398 284
81 285 6 285
88 285 13 285
89 285 14 285
90 285 15 285
109 285 34 285
109 286 34 286
109 288 34 288
109 289 34 289
108 290 33 290
109 290 34 290
108 291 33 291
109 291 34 291
108 292 33 292
109 292 34 292
471 292 400 292
107 293 32 293
108 293 33 293
109 293 34 293
469 293 398 293
108 294 33 294
109 294 34 294
109 295 34 295
109 296 34 296
323 296 251 296
469 296 398 296
109 297 34 297
109 298 34 298
109 299 34 299
109 300 34 300
107 301 32 301
108 301 33 301
109 301 34 301
108 302 33 302
109 302 34 302
108 303 33 303
109 303 34 303
281 303 208 303
469 303 398 303
108 304 33 304
109 304 34 304
329 304 257 304
108 305 33 305
109 305 34 305
329 305 257 305
108 306 33 306
109 306 34 306
329 306 257 306
107 307 32 307
108 307 33 307
109 307 34 307
329 307 257 307
77 308 2 308
107 308 32 308
108 308 33 308
109 308 34 308
329 308 257 308
470 308 400 308
77 309 2 309
78 309 3 309
107 309 32 309
108 309 33 309
109 309 34 309
77 310 2 310
78 310 3 310
79 310 4 310
107 310 32 310
108 310 33 310
109 310 34 310
78 311 3 311
79 311 4 311
80 311 5 311
107 311 32 311
108 311 33 311
109 311 34 311
79 312 4 312
80 312 5 312
81 312 6 312
107 312 32 312
108 312 33 312
109 312 34 312
80 313 5 313
81 313 6 313
82 313 7 313
107 313 32 313
108 313 33 313
109 313 34 313
260 313 187 313
261 313 188 313
268 313 195 313
470 313 399 313
81 314 6 314
82 314 7 314
83 314 8 314
107 314 32 314
108 314 33 314
109 314 34 314
260 314 187 314
261 314 188 314
262 314 189 314
264 314 191 314
268 314 195 314
269 314 196 314
270 314 197 314
81 315 6 315
82 315 7 315
83 315 8 315
84 315 9 315
107 315 32 315
108 315 33 315
109 315 34 315
260 315 187 315
261 315 188 315
262 315 189 315
264 315 191 315
268 315 195 315
269 315 196 315
270 315 197 315
277 315 204 315
83 316 8 316
84 316 9 316
85 316 10 316
107 316 32 316
108 316 33 316
109 316 34 316
260 316 187 316
261 316 188 316
262 316 189 316
264 316 191 316
267 316 194 316
268 316 195 316
270 316 197 316
276 316 203 316
277 316 204 316
278 316 205 316
83 317 8 317
84 317 9 317
85 317 10 317
86 317 11 317
107 317 32 317
108 317 33 317
109 317 34 317
261 317 188 317
262 317 189 317
268 317 195 317
270 317 197 317
276 317 203 317
277 317 204 317
278 317 205 317
84 318 9 318
85 318 10 318
86 318 11 318
87 318 12 318
107 318 32 318
108 318 33 318
109 318 34 318
261 318 188 318
262 318 189 318
263 318 190 318
268 318 195 318
270 318 197 318
277 318 204 318
338 318 266 318
339 318 267 318
85 319 10 319
86 319 11 319
87 319 12 319
107 319 32 319
108 319 33 319
109 319 34 319
261 319 188 319
262 319 189 319
263 319 190 319
267 319 194 319
315 319 249 319
316 319 250 319
337 319 265 319
338 319 266 319
339 319 267 319
341 319 269 319
342 319 270 319
343 319 271 319
344 319 272 319
347 319 275 319
348 319 276 319
349 319 277 319
350 319 278 319
469 319 398 319
86 320 11 320
87 320 12 320
88 320 13 320
107 320 32 320
108 320 33 320
109 320 34 320
261 320 188 320
262 320 189 320
263 320 190 320
264 320 191 320
266 320 193 320
267 320 194 320
271 320 198 320
272 320 199 320
296 320 223 320
316 320 250 320
317 320 251 320
341 320 269 320
342 320 270 320
343 320 271 320
348 320 276 320
349 320 277 320
350 320 278 320
351 320 279 320
87 321 12 321
88 321 13 321
89 321 14 321
107 321 32 321
108 321 33 321
109 321 34 321
261 321 188 321
262 321 189 321
263 321 190 321
264 321 191 321
266 321 193 321
267 321 194 321
268 321 195 321
270 321 197 321
271 321 198 321
272 321 199 321
273 321 200 321
274 321 201 321
316 321 250 321
317 321 251 321
341 321 269 321
342 321 270 321
343 321 271 321
344 321 272 321
347 321 275 321
348 321 276 321
349 321 277 321
350 321 278 321
351 321 279 321
352 321 280 321
88 322 13 322
89 322 14 322
90 322 15 322
107 322 32 322
108 322 33 322
109 322 34 322
262 322 189 322
263 322 190 322
264 322 191 322
266 322 193 322
267 322 194 322
268 322 195 322
270 322 197 322
271 322 198 322
272 322 199 322
273 322 200 322
282 322 209 322
285 322 212 322
316 322 250 322
341 322 269 322
342 322 270 322
343 322 271 322
344 322 272 322
345 322 273 322
346 322 274 322
347 322 275 322
348 322 276 322
350 322 278 322
351 322 279 322
352 322 280 322
89 323 14 323
90 323 15 323
91 323 16 323
107 323 32 323
108 323 33 323
109 323 34 323
262 323 189 323
263 323 190 323
264 323 191 323
266 323 193 323
267 323 194 323
268 323 195 323
269 323 196 323
270 323 197 323
271 323 198 323
272 323 199 323
273 323 200 323
274 323 201 323
275 323 202 323
287 323 214 323
296 323 223 323
342 323 270 323
343 323 271 323
344 323 272 323
90 324 15 324
92 324 17 324
107 324 32 324
108 324 33 324
109 324 34 324
263 324 190 324
264 324 191 324
266 324 193 324
267 324 194 324
268 324 195 324
269 324 196 324
270 324 197 324
271 324 198 324
273 324 200 324
274 324 201 324
281 324 208 324
321 324 234 324
342 324 270 324
343 324 271 324
344 324 272 324
269 325 196 325
270 325 197 325
342 325 270 325
343 325 271 325
344 325 272 325
345 325 273 325
346 325 274 325
347 325 275 325
348 325 276 325
350 325 278 325
351 325 279 325
352 325 280 325
344 326 272 326
345 326 273 326
346 326 274 326
347 326 275 326
348 326 276 326
350 326 278 326
351 326 279 326
352 326 280 326
