0.082085 71038753360314236000000000000000000000000000000000000000000000000000000000000000000000000000000000000000000000000000000.000000 
0.090718 71038753360314236000000000000000000000000000000000000000000000000000000000000000000000000000000000000000000000000000000.000000 
0.100259 71038753360314236000000000000000000000000000000000000000000000000000000000000000000000000000000000000000000000000000000.000000 
0.110803 71038753360314236000000000000000000000000000000000000000000000000000000000000000000000000000000000000000000000000000000.000000 
0.122456 71038753360314236000000000000000000000000000000000000000000000000000000000000000000000000000000000000000000000000000000.000000 
0.135335 71038753360314236000000000000000000000000000000000000000000000000000000000000000000000000000000000000000000000000000000.000000 
0.149569 71038753360314236000000000000000000000000000000000000000000000000000000000000000000000000000000000000000000000000000000.000000 
0.165299 71038753360314236000000000000000000000000000000000000000000000000000000000000000000000000000000000000000000000000000000.000000 
0.182684 71038753360314236000000000000000000000000000000000000000000000000000000000000000000000000000000000000000000000000000000.000000 
0.201897 71038753360314236000000000000000000000000000000000000000000000000000000000000000000000000000000000000000000000000000000.000000 
0.223130 71038753360314236000000000000000000000000000000000000000000000000000000000000000000000000000000000000000000000000000000.000000 
0.246597 71038753360314236000000000000000000000000000000000000000000000000000000000000000000000000000000000000000000000000000000.000000 
0.272532 71038753360314236000000000000000000000000000000000000000000000000000000000000000000000000000000000000000000000000000000.000000 
0.301194 71038753360314236000000000000000000000000000000000000000000000000000000000000000000000000000000000000000000000000000000.000000 
0.332871 71038753360314236000000000000000000000000000000000000000000000000000000000000000000000000000000000000000000000000000000.000000 
0.367879 71038753360314236000000000000000000000000000000000000000000000000000000000000000000000000000000000000000000000000000000.000000 
0.406570 71038753360314236000000000000000000000000000000000000000000000000000000000000000000000000000000000000000000000000000000.000000 
0.449329 71038753360314236000000000000000000000000000000000000000000000000000000000000000000000000000000000000000000000000000000.000000 
0.496585 71038753360314236000000000000000000000000000000000000000000000000000000000000000000000000000000000000000000000000000000.000000 
0.548812 71038753360314236000000000000000000000000000000000000000000000000000000000000000000000000000000000000000000000000000000.000000 
0.606531 71038753360314236000000000000000000000000000000000000000000000000000000000000000000000000000000000000000000000000000000.000000 
0.670320 71038753360314236000000000000000000000000000000000000000000000000000000000000000000000000000000000000000000000000000000.000000 
0.740818 71038753360314236000000000000000000000000000000000000000000000000000000000000000000000000000000000000000000000000000000.000000 
0.818731 71038753360314236000000000000000000000000000000000000000000000000000000000000000000000000000000000000000000000000000000.000000 
0.904837 71038753360314236000000000000000000000000000000000000000000000000000000000000000000000000000000000000000000000000000000.000000 
1.000000 71038753360314236000000000000000000000000000000000000000000000000000000000000000000000000000000000000000000000000000000.000000 
0.904837 71038753360314236000000000000000000000000000000000000000000000000000000000000000000000000000000000000000000000000000000.000000 
0.818731 71038753360314236000000000000000000000000000000000000000000000000000000000000000000000000000000000000000000000000000000.000000 
0.740818 71038753360314236000000000000000000000000000000000000000000000000000000000000000000000000000000000000000000000000000000.000000 
0.670320 71038753360314236000000000000000000000000000000000000000000000000000000000000000000000000000000000000000000000000000000.000000 
0.606531 71038753360314236000000000000000000000000000000000000000000000000000000000000000000000000000000000000000000000000000000.000000 
0.548812 71038753360314236000000000000000000000000000000000000000000000000000000000000000000000000000000000000000000000000000000.000000 
0.496585 71038753360314236000000000000000000000000000000000000000000000000000000000000000000000000000000000000000000000000000000.000000 
0.449329 71038753360314236000000000000000000000000000000000000000000000000000000000000000000000000000000000000000000000000000000.000000 
0.406570 71038753360314236000000000000000000000000000000000000000000000000000000000000000000000000000000000000000000000000000000.000000 
0.367879 71038753360314236000000000000000000000000000000000000000000000000000000000000000000000000000000000000000000000000000000.000000 
0.332871 71038753360314236000000000000000000000000000000000000000000000000000000000000000000000000000000000000000000000000000000.000000 
0.301194 71038753360314236000000000000000000000000000000000000000000000000000000000000000000000000000000000000000000000000000000.000000 
0.272532 71038753360314236000000000000000000000000000000000000000000000000000000000000000000000000000000000000000000000000000000.000000 
0.246597 71038753360314236000000000000000000000000000000000000000000000000000000000000000000000000000000000000000000000000000000.000000 
0.223130 71038753360314236000000000000000000000000000000000000000000000000000000000000000000000000000000000000000000000000000000.000000 
0.201897 71038753360314236000000000000000000000000000000000000000000000000000000000000000000000000000000000000000000000000000000.000000 
0.182684 71038753360314236000000000000000000000000000000000000000000000000000000000000000000000000000000000000000000000000000000.000000 
0.165299 71038753360314236000000000000000000000000000000000000000000000000000000000000000000000000000000000000000000000000000000.000000 
0.149569 71038753360314236000000000000000000000000000000000000000000000000000000000000000000000000000000000000000000000000000000.000000 
0.135335 71038753360314236000000000000000000000000000000000000000000000000000000000000000000000000000000000000000000000000000000.000000 
0.122456 71038753360314236000000000000000000000000000000000000000000000000000000000000000000000000000000000000000000000000000000.000000 
0.110803 71038753360314236000000000000000000000000000000000000000000000000000000000000000000000000000000000000000000000000000000.000000 
0.100259 71038753360314236000000000000000000000000000000000000000000000000000000000000000000000000000000000000000000000000000000.000000 
0.090718 71038753360314236000000000000000000000000000000000000000000000000000000000000000000000000000000000000000000000000000000.000000 
0.082085 71038753360314236000000000000000000000000000000000000000000000000000000000000000000000000000000000000000000000000000000.000000 
